0_10054_01WHISP_lob	437	11	10	9	13
0_10267_01WHISP_lob	411	12	10	8	11
0_10307_01WHISP_lob	349	15	12	9	15
0_10602_01WHISP_lob	448	9	9	8	12
0_10706_01WHISP_lob	440	13	11	9	13
0_10754_01WHISP_lob	471	16	11	9	15
0_11270_01WHISP_lob	410	14	11	9	15
0_11324_01WHISP_lob	279	14	10	9	14
0_11504_01WHISP_lob	400	14	8	7	14
0_11508_01WHISP_lob	466	11	11	9	15
0_11649_03WHISP_lob	344	12	7	9	13
0_11980_01WHISP_lob	712	9	8	9	12
0_12156_02WHISP_lob	474	14	7	9	13
0_12190_01WHISP_lob	466	15	11	9	15
0_12190_02WHISP_lob	410	13	11	8	14
0_12216_02WHISP_lob	706	15	9	9	13
0_12329_02WHISP_lob	532	14	12	9	9
0_12730_01WHISP_lob	423	12	11	9	14
0_12745_01WHISP_lob	446	15	12	9	15
0_12929_02WHISP_lob	806	14	9	9	14
0_12978_02WHISP_lob	516	16	10	9	12
0_13058_01WHISP_lob	642	15	10	9	14
0_13152_03WHISP_lob	190	16	11	9	15
0_13237_01WHISP_lob	425	14	9	8	15
0_13240_01WHISP_lob	460	15	9	8	14
0_1347_01WHISP_lob	402	15	10	9	13
0_13680_01WHISP_lob	380	14	10	8	15
0_13913_02WHISP_lob	390	12	9	8	12
0_13957_02WHISP_lob	460	14	11	8	15
0_13978_01WHISP_lob	405	15	9	8	15
0_14122_02WHISP_lob	371	15	12	9	15
0_14221_01WHISP_lob	610	16	12	9	15
0_1439_01WHISP_lob	485	16	11	9	15
0_14837_01WHISP_lob	445	15	8	9	15
0_14976_01WHISP_lob	481	15	11	9	12
0_15075_01WHISP_lob	407	16	11	9	15
0_15187_01WHISP_lob	466	10	9	6	15
0_15329_01WHISP_lob	453	13	9	8	14
0_15361_01WHISP_lob	261	13	11	8	14
0_15762_01WHISP_lob	369	14	5	8	15
0_15867_01WHISP_lob	473	13	10	8	13
0_16619_01WHISP_lob	764	9	8	8	12
0_16889_02WHISP_lob	311	15	10	8	15
0_1688_02WHISP_lob	666	13	9	9	12
0_17017_01WHISP_lob	410	12	6	8	9
0_17206_01WHISP_lob	426	13	10	8	14
0_17215_01WHISP_lob	477	12	9	8	14
0_17247_02WHISP_lob	422	14	10	8	13
0_18261_01WHISP_lob	478	14	9	7	15
0_18267_01WHISP_lob	452	13	9	8	13
0_18296_01WHISP_lob	442	15	6	8	14
0_18439_02WHISP_lob	257	14	11	8	15
0_1949_01WHISP_lob	291	15	11	9	15
0_2354_01WHISP_lob	508	15	10	9	8
0_2433_01_final.ckd.ao_AJE	430	15	13	7	13
0_2456_01WHISP_lob	426	14	11	8	13
0_3073_01WHISP_lob	440	15	10	9	15
0_3128_02WHISP_lob	459	15	12	8	13
0_3192_01WHISP_lob	596	16	10	7	15
0_3969_01WHISP_lob	207	16	12	9	14
0_4032_02WHISP_lob	393	15	11	9	8
0_4105_01WHISP_lob	459	16	9	9	14
0_4541_02WHISP_lob	333	16	11	9	15
0_4756_01WHISP_lob	431	16	11	9	14
0_5364_02WHISP_lob	460	15	12	9	15
0_5601_01WHISP_lob	365	16	10	9	15
0_6116_01WHISP_lob	491	10	9	6	11
0_6259_01WHISP_lob	412	14	10	9	14
0_6448_02WHISP_lob	595	15	11	9	15
0_6465_01WHISP_lob	429	16	10	8	12
0_6659_01WHISP_lob	236	15	12	9	13
0_6683_01WHISP_lob	459	12	11	9	14
0_6878_01WHISP_lob	439	16	11	6	15
0_7001_01WHISP_lob	416	15	9	9	14
0_7009_01WHISP_lob	409	16	11	7	15
0_7793_01WHISP_lob	242	11	10	4	12
0_7844_01WHISP_lob	400	16	10	8	15
0_8187_02WHISP_lob	323	12	9	4	8
0_846_01WHISP_lob	579	15	11	9	14
0_8531_01WHISP_lob	515	15	10	7	15
0_8683_01WHISP_lob	443	12	10	6	13
0_8737_01WHISP_lob	449	16	11	7	15
0_8844_01WHISP_lob	542	14	11	9	14
0_9063_01WHISP_lob	411	13	12	9	13
0_9383_01WHISP_lob	481	15	11	9	15
0_9389_01WHISP_lob	522	12	11	9	8
0_9408_01WHISP_lob	455	12	11	9	13
0_9457_02WHISP_lob	548	15	12	4	15
0_9462_01WHISP_lob	466	14	10	6	15
0_9749_01WHISP_lob	440	14	9	8	12
0_9922_01WHISP_lob	531	16	11	8	12
1_1609_01WHISP_lob	483	13	11	4	13
1_5675_01WHISP_lob	406	16	11	8	15
2_10212_01WHISP_lob	721	15	10	7	13
2_1030_01WHISP_lob	495	15	12	9	13
2_2501_01WHISP_lob	438	16	12	9	15
2_2799_03WHISP_lob	457	16	10	9	14
2_2952_01WHISP_lob	464	16	12	9	15
2_2960_02WHISP_lob	568	15	11	9	12
2_3319_01WHISP_lob	325	15	11	9	13
2_3591_03WHISP_lob	505	13	10	9	14
2_3726_02WHISP_lob	453	16	10	9	13
2_3852_01WHISP_lob	467	16	11	9	15
2_3867_02WHISP_lob	683	14	10	9	13
2_4107_01WHISP_lob	498	15	10	8	15
2_4183_01WHISP_lob	439	15	11	8	14
2_5064_01WHISP_lob	670	15	10	8	15
2_5483_02WHISP_lob	503	13	8	8	12
2_5668_01WHISP_lob	710	12	9	7	13
2_5724_02WHISP_lob	455	13	10	8	11
2_5967_01WHISP_lob	257	14	10	8	12
2_6052_01WHISP_lob	428	14	10	8	15
2_6313_01WHISP_lob	647	13	9	8	11
2_6355_02WHISP_lob	311	14	9	8	15
2_6457_01WHISP_lob	492	13	9	8	14
2_6491_01WHISP_lob	516	11	8	8	15
2_6731_01WHISP_lob	436	15	10	8	15
2_684_01WHISP_lob	490	15	11	9	15
2_6906_01WHISP_lob	503	11	6	7	11
2_7182_01WHISP_lob	464	14	10	8	14
2_7189_01WHISP_lob	486	13	9	8	13
2_8011_02WHISP_lob	510	15	9	8	8
2_8627_01WHISP_lob	467	14	10	8	15
2_8852_01WHISP_lob	414	15	10	8	13
2_9466_01WHISP_lob	435	15	10	8	12
2_9542_01WHISP_lob	469	14	9	7	12
2_9665_01WHISP_lob	442	15	10	8	14
CL1077Contig1_02WHISP_lob	716	16	11	9	15
CL1213Contig1_01WHISP_lob	309	15	11	9	14
CL1343Contig1_05WHISP_lob	229	15	11	8	14
CL1367Contig1_03WHISP_lob	326	16	12	9	13
CL149Contig3_04WHISP_lob	314	11	9	9	10
CL1521Contig1_01WHISP_lob	229	14	10	9	12
CL1524Contig1_03WHISP_lob	449	14	7	8	15
CL1536Contig1_03WHISP_lob	210	16	11	9	15
CL1588Contig1_04WHISP_lob	227	16	12	9	15
CL1614Contig1_04WHISP_lob	203	15	11	9	14
CL1634Contig1_03WHISP_lob	235	16	8	9	14
CL1646Contig1_01WHISP_lob	216	16	10	9	15
CL1659Contig1_02WHISP_lob	454	15	11	9	2
CL1669Contig1_04WHISP_lob	302	16	10	9	10
CL1692Contig1_05WHISP_lob	393	16	11	9	15
CL1694Contig1_02WHISP_lob	516	16	11	9	15
CL1767Contig1_02WHISP_lob	406	11	10	7	12
CL1806Contig1_01WHISP_lob	330	16	11	9	15
CL180Contig1_03WHISP_lob	629	14	10	8	12
CL1848Contig1_01WHISP_lob	320	15	11	9	14
CL1852Contig1_01WHISP_lob	329	14	10	9	13
CL1879Contig1_02WHISP_lob	257	14	7	9	12
CL1905Contig1_03WHISP_lob	477	16	9	9	13
CL1966Contig1_05WHISP_lob	504	15	11	9	14
CL206Contig1_03WHISP_lob	208	16	11	9	15
CL2123Contig1_03WHISP_lob	268	15	10	8	6
CL2332Contig1_01WHISP_lob	435	15	10	8	15
CL2475Contig1_02WHISP_lob	250	14	11	9	13
CL2565Contig1_03WHISP_lob	268	14	11	9	15
CL2637Contig1_04WHISP_lob	241	14	10	9	14
CL3036Contig1_01WHISP_lob	280	12	10	9	14
CL305Contig1_05WHISP_lob	307	14	11	9	13
CL3097Contig1_01WHISP_lob	361	12	11	9	12
CL3271Contig1_02WHISP_lob	285	15	10	9	14
CL3321Contig1_03WHISP_lob	408	13	10	9	13
CL357Contig1_09WHISP_lob	316	16	12	8	5
CL363Contig1_04WHISP_lob	211	16	11	7	15
CL3770Contig1_01WHISP_lob	284	16	9	6	15
CL3795Contig1_01WHISP_lob	565	16	9	7	14
