0_10054_01WHISP_lob	437	13	14	12	17
0_10267_01WHISP_lob	411	13	14	12	17
0_10307_01WHISP_lob	349	13	16	13	18
0_10602_01WHISP_lob	448	12	5	7	13
0_10706_01WHISP_lob	440	15	17	12	18
0_10754_01WHISP_lob	471	16	17	15	18
0_11270_01WHISP_lob	410	14	15	12	18
0_11324_01WHISP_lob	279	14	17	13	18
0_11504_01WHISP_lob	400	14	13	11	15
0_11508_01WHISP_lob	466	12	12	8	16
0_11649_03WHISP_lob	344	15	17	11	18
0_11980_01WHISP_lob	712	12	10	8	15
0_12156_02WHISP_lob	474	15	15	11	18
0_12190_01WHISP_lob	466	16	14	9	18
0_12190_02WHISP_lob	410	14	15	8	17
0_12216_02WHISP_lob	706	11	12	8	16
0_12329_02WHISP_lob	532	14	13	12	18
0_12730_01WHISP_lob	423	16	14	9	17
0_12745_01WHISP_lob	446	16	15	13	18
0_12929_02WHISP_lob	806	13	12	10	18
0_12978_02WHISP_lob	516	12	14	9	16
0_13058_01WHISP_lob	642	15	12	11	18
0_13152_03WHISP_lob	190	16	17	10	17
0_13237_01WHISP_lob	425	13	14	12	18
0_13240_01WHISP_lob	460	9	14	7	18
0_1347_01WHISP_lob	402	16	16	9	18
0_13680_01WHISP_lob	380	15	16	11	18
0_13913_02WHISP_lob	390	14	13	6	16
0_13957_02WHISP_lob	460	17	17	12	18
0_13978_01WHISP_lob	405	15	15	10	17
0_14122_02WHISP_lob	371	15	13	10	17
0_14221_01WHISP_lob	610	15	16	12	18
0_1439_01WHISP_lob	485	15	17	10	16
0_14837_01WHISP_lob	445	15	14	12	18
0_14976_01WHISP_lob	481	17	16	10	17
0_15075_01WHISP_lob	407	15	18	14	18
0_15187_01WHISP_lob	466	14	12	14	16
0_15329_01WHISP_lob	453	16	17	14	18
0_15361_01WHISP_lob	261	14	18	13	17
0_15762_01WHISP_lob	369	16	17	14	18
0_15867_01WHISP_lob	473	11	12	10	18
0_16619_01WHISP_lob	764	4	4	4	16
0_16889_02WHISP_lob	311	15	16	13	18
0_1688_02WHISP_lob	666	9	11	10	18
0_17017_01WHISP_lob	410	9	10	12	16
0_17206_01WHISP_lob	426	15	14	12	17
0_17215_01WHISP_lob	477	15	14	13	18
0_17247_02WHISP_lob	422	15	14	12	18
0_18261_01WHISP_lob	478	15	15	9	17
0_18267_01WHISP_lob	452	14	12	10	17
0_18296_01WHISP_lob	442	16	15	7	18
0_18439_02WHISP_lob	257	17	18	13	18
0_1949_01WHISP_lob	291	16	16	11	18
0_2354_01WHISP_lob	508	16	15	10	18
0_2433_01_final.ckd.ao_AJE	430	16	16	12	18
0_2456_01WHISP_lob	426	12	13	12	16
0_3073_01WHISP_lob	440	16	16	10	16
0_3128_02WHISP_lob	459	16	15	10	16
0_3192_01WHISP_lob	596	17	14	7	15
0_3969_01WHISP_lob	207	17	18	14	18
0_4032_02WHISP_lob	393	13	15	10	16
0_4105_01WHISP_lob	459	17	18	13	18
0_4541_02WHISP_lob	333	17	17	12	18
0_4756_01WHISP_lob	431	16	16	12	18
0_5364_02WHISP_lob	460	16	16	12	18
0_5601_01WHISP_lob	365	13	11	11	16
0_6116_01WHISP_lob	491	15	17	8	14
0_6259_01WHISP_lob	412	10	6	10	17
0_6448_02WHISP_lob	595	16	16	10	17
0_6465_01WHISP_lob	429	15	15	10	15
0_6659_01WHISP_lob	236	13	16	8	17
0_6683_01WHISP_lob	459	15	13	10	18
0_6878_01WHISP_lob	439	13	16	4	11
0_7001_01WHISP_lob	416	11	16	6	12
0_7009_01WHISP_lob	409	14	16	6	12
0_7793_01WHISP_lob	242	11	15	5	7
0_7844_01WHISP_lob	400	13	15	6	10
0_8187_02WHISP_lob	323	13	13	4	6
0_846_01WHISP_lob	579	16	18	14	18
0_8531_01WHISP_lob	515	13	16	2	13
0_8683_01WHISP_lob	443	14	16	8	12
0_8737_01WHISP_lob	449	16	17	11	12
0_8844_01WHISP_lob	542	13	11	12	15
0_9063_01WHISP_lob	411	11	9	11	13
0_9383_01WHISP_lob	481	15	16	9	14
0_9389_01WHISP_lob	522	16	16	11	17
0_9408_01WHISP_lob	455	12	16	10	18
0_9457_02WHISP_lob	548	16	18	13	17
0_9462_01WHISP_lob	466	13	17	9	13
0_9749_01WHISP_lob	440	14	12	9	15
0_9922_01WHISP_lob	531	14	15	10	13
1_1609_01WHISP_lob	483	13	17	8	15
1_5675_01WHISP_lob	406	15	12	5	13
2_10212_01WHISP_lob	721	15	16	10	16
2_1030_01WHISP_lob	495	15	17	14	18
2_2501_01WHISP_lob	438	16	18	14	18
2_2799_03WHISP_lob	457	16	18	9	17
2_2952_01WHISP_lob	464	17	17	11	17
2_2960_02WHISP_lob	568	15	13	13	16
2_3319_01WHISP_lob	325	17	12	13	17
2_3591_03WHISP_lob	505	17	16	13	17
2_3726_02WHISP_lob	453	13	15	13	17
2_3852_01WHISP_lob	467	16	7	11	17
2_3867_02WHISP_lob	683	15	15	13	15
2_4107_01WHISP_lob	498	15	16	10	18
2_4183_01WHISP_lob	439	15	17	13	18
2_5064_01WHISP_lob	670	17	16	13	18
2_5483_02WHISP_lob	503	17	15	11	16
2_5668_01WHISP_lob	710	16	15	11	16
2_5724_02WHISP_lob	455	16	14	11	17
2_5967_01WHISP_lob	257	16	14	11	11
2_6052_01WHISP_lob	428	16	16	10	18
2_6313_01WHISP_lob	647	17	13	12	17
2_6355_02WHISP_lob	311	16	17	8	18
2_6457_01WHISP_lob	492	17	15	11	17
2_6491_01WHISP_lob	516	11	15	6	15
2_6731_01WHISP_lob	436	17	15	12	17
2_684_01WHISP_lob	490	14	16	4	13
2_6906_01WHISP_lob	503	17	15	8	18
2_7182_01WHISP_lob	464	17	15	13	18
2_7189_01WHISP_lob	486	17	15	10	16
2_8011_02WHISP_lob	510	17	16	11	18
2_8627_01WHISP_lob	467	16	16	10	18
2_8852_01WHISP_lob	414	17	17	13	18
2_9466_01WHISP_lob	435	15	17	11	17
2_9542_01WHISP_lob	469	17	15	11	16
2_9665_01WHISP_lob	442	17	14	12	16
CL1077Contig1_02WHISP_lob	716	16	16	9	17
CL1213Contig1_01WHISP_lob	309	16	12	11	14
CL1343Contig1_05WHISP_lob	229	17	15	13	17
CL1367Contig1_03WHISP_lob	326	17	16	7	17
CL149Contig3_04WHISP_lob	314	15	14	10	17
CL1521Contig1_01WHISP_lob	229	13	12	9	9
CL1524Contig1_03WHISP_lob	449	15	14	8	16
CL1536Contig1_03WHISP_lob	210	15	15	11	17
CL1588Contig1_04WHISP_lob	227	15	17	13	18
CL1614Contig1_04WHISP_lob	203	17	17	14	18
CL1634Contig1_03WHISP_lob	235	15	12	10	16
CL1646Contig1_01WHISP_lob	216	17	16	13	17
CL1659Contig1_02WHISP_lob	454	15	13	9	17
CL1669Contig1_04WHISP_lob	302	15	17	10	14
CL1692Contig1_05WHISP_lob	393	15	17	12	18
CL1694Contig1_02WHISP_lob	516	17	15	10	17
CL1767Contig1_02WHISP_lob	406	12	7	8	13
CL1806Contig1_01WHISP_lob	330	16	16	9	17
CL180Contig1_03WHISP_lob	629	13	12	7	12
CL1848Contig1_01WHISP_lob	320	16	15	13	18
CL1852Contig1_01WHISP_lob	329	15	10	8	12
CL1879Contig1_02WHISP_lob	257	15	13	14	16
CL1905Contig1_03WHISP_lob	477	15	15	12	17
CL1966Contig1_05WHISP_lob	504	17	17	12	17
CL206Contig1_03WHISP_lob	208	17	17	13	18
CL2123Contig1_03WHISP_lob	268	17	17	9	16
CL2332Contig1_01WHISP_lob	435	16	14	9	17
CL2475Contig1_02WHISP_lob	250	16	15	12	16
CL2565Contig1_03WHISP_lob	268	10	7	8	18
CL2637Contig1_04WHISP_lob	241	17	14	11	18
CL3036Contig1_01WHISP_lob	280	15	14	14	18
CL305Contig1_05WHISP_lob	307	15	14	14	18
CL3097Contig1_01WHISP_lob	361	16	17	12	16
CL3271Contig1_02WHISP_lob	285	17	14	11	18
CL3321Contig1_03WHISP_lob	408	16	13	12	16
CL357Contig1_09WHISP_lob	316	12	13	8	12
CL363Contig1_04WHISP_lob	211	15	15	9	11
CL3770Contig1_01WHISP_lob	284	15	15	10	17
CL3795Contig1_01WHISP_lob	565	13	13	9	16
